23.7698
2.20793
4.5546
1.65905
0.742804
3.16581
3.35599
0.842463
1.96527
1.63086
4.33411
0.322175
2.99456
5.05744
2.38624
6.32218
6.88611
4.28792
4.86325
3.782
2.13945
0.792308
1.45012
0.878552
3.1537
11.1328
0.207789
1.36002
3.68936
2.6977
0.977155
1.76329
0.624275
4.22106
1.57021
2.96676
0.846224
0.797221
0.26802
0.754886
3.77494
0.269055
2.20876
0.480696
0.966147
2.53409
7.30562
2.97795
4.90335
10.829
3.63135
3.33899
2.09299
1.28797
0.862275
1.38536
3.37263
8.00033
1.27321
1.77919
0.246873
6.7214
5.96247
2.39996
1.96746
6.65771
1.73234
3.08383
3.25519
10.074
3.27017
5.64882
2.11005
1.22728
0.357791
2.44219
1.7847
2.53163
0.980334
1.09378
4.16206
5.50617
1.02108
2.28378
1.42286
4.33022
0.0729848
3.42061
0.242752
0.563516
2.94203
1.76212
1.78718
4.70067
1.53695
1.24385
7.35714
3.42894
2.27405
2.94378
2.21656
4.90234
0.952454
2.02244
1.01112
2.61391
1.74555
2.67917
0.808328
1.28452
3.2698
3.66187
2.78902
2.69431
1.27442
1.2502
0.581445
2.54881
1.96027
2.83623
5.48481
5.78742
1.60944
3.69755
3.79656
2.40737
0.178033
2.29959
1.21193
4.25263
0.843708
0.162774
4.17845
0.517485
1.18116
5.23104
5.86673
3.71544
5.64874
2.77045
3.94216
3.29036
1.19443
0.312722
4.38323
0.494165
0.384104
2.3781
3.56257
0.268528
5.60574
1.06911
7.26072
0.952941
1.83219
1.31379
1.75223
1.48562
2.90156
1.57666
2.83537
3.64567
2.91394
0.319144
4.49609
2.11864
2.23497
5.05174
7.85761
1.6789
0.669436
1.74364
3.93206
1.15177
4.98988
1.6037
2.52007
1.96029
6.34061
2.0802
0.831763
3.66862
1.61432
0.882073
2.01287
3.52425
0.312042
1.86177
1.30888
6.3971
0.244281
11.0452
3.5719
0.564126
1.40493
0.987669
2.0205
1.65512
5.11339
2.28571
2.75749
1.81344
7.11677
8.5807
0.214366
0.868876
2.78318
2.14797
1.13148
0.590371
8.92964
2.30227
0.92692
3.22511
4.62242
1.78819
5.55004
1.48618
2.42822
5.84052
1.69802
6.3084
4.44189
1.9574
1.44735
4.55658
1.65561
5.54575
2.96495
0.425656
0.0372466
0.473457
0.288556
7.73228
6.48934
0.546236
2.16218
0.208309
1.46033
0.662292
2.68672
9.29261
0.19973
6.62052
3.87904
2.563
6.28143
1.56784
2.17271
