1.02558
0.927087
0.788639
0.349194
0.464525
3.95944
0.242184
8.78048
4.01675
2.30802
2.69999
0.348094
1.93912
0.858959
0.276699
0.456668
0.596719
2.78501
1.03682
1.2421
2.13679
0.294197
0.710916
3.2157
2.56769
0.907171
0.717449
2.19059
1.20291
0.689277
0.185554
0.441328
0.510911
0.770112
0.176564
1.44447
0.825113
0.801287
1.62182
3.76473
1.57865
1.32751
3.37444
4.05239
3.22016
0.96687
1.11176
2.16481
8.41542e-06
4.72589
1.13936
1.81919
0.988561
1.33946
0.388145
1.24422
2.12798
3.34336
0.0467901
0.533635
0.257504
2.02503
3.85473
0.921647
1.05127
0.548154
0.27637
2.69477
0.848664
0.75254
1.26514
1.92817
0.62546
0.682071
1.55727
0.190237
2.09585
0.124472
1.96042
0.707535
0.562733
3.4578
1.58884
0.773095
2.7076
2.94705
0.147919
3.3415
0.521776
0.242307
0.612332
1.72476
1.98585
0.723428
1.10889
1.75264
2.70648
1.2058
6.20359
0.0391575
0.516719
2.22274
1.79102
0.722955
2.19146
0.502773
0.774625
4.05321
1.16422
3.70911
0.337947
0.505305
4.46052
2.65086
0.969373
2.10242
0.811695
3.917
0.150629
0.815899
0.794512
0.382327
2.33346
0.200751
1.85725
0.710509
2.24297
2.46196
0.745313
0.006178
1.22535
0.576256
1.36238
5.12908
3.86788
1.5212
1.5559
2.54144
1.49444
1.14436
0.385748
0.5922
2.21158
1.48409
5.05482
0.504071
1.18468
0.26302
1.83635
0.0914817
4.22553
0.637419
0.724876
3.79483
3.63631
3.04884
2.90635
0.65728
1.71004
4.49535
1.86429
0.942013
0.655321
2.09936
5.26606
2.09944
0.549685
1.60364
0.492322
0.219384
2.08775
0.273357
3.09897
1.44976
14.1557
0.731973
1.1438
1.45311
0.0714727
1.39253
6.48475
2.34838
0.666598
2.00015
3.32549
5.21674
2.78869
0.303072
0.632717
0.536967
0.52841
1.86322
4.34975
1.49995
5.7576
1.08614
1.18089
0.0115853
0.623689
2.6638
1.49724
2.79657
0.13313
0.473133
0.841922
0.135354
1.46559
0.271066
3.79636
2.04395
0.425654
0.946226
1.2236
0.057999
0.0739304
4.40275
0.996967
0.315608
2.1274
0.0710624
4.3907
3.21048
1.40379
0.572629
0.483405
6.05877
0.798586
3.1579
0.910812
1.07116
1.22278
1.00573
1.96349
0.208919
2.17118
7.80846
0.529731
4.10792
1.79836
2.20056
0.758832
2.7088
1.01521
2.15518
0.783046
1.14594
4.59693
6.03438
0.649226
